951.983276
0.000000
0.000000
0.000000
2555.323486
1903.966553
1803.757812
2906.054199
3407.098145
3356.993652
4008.350830
601.252625
3006.262939
3507.306885
2405.010498
1603.340332
2304.801758
3507.306885
6212.943848
7315.240234
3507.306885
2906.054199
3707.724365
5511.482422
2605.427979
4108.559570
2805.845459
901.878906
3206.680664
3256.784912
5311.064941
4509.394531
6413.361328
5210.855957
2004.175415
4509.394531
3407.098145
1803.757812
3908.141846
5210.855957
3206.680664
4810.020996
2705.636719
2805.845459
2204.593018
2204.593018
4910.229492
2505.219238
4108.559570
3507.306885
3807.933105
4509.394531
4810.020996
3908.141846
1503.131470
801.670166
701.461365
1402.922729
2605.427979
1202.505249
1102.296509
3407.098145
2304.801758
2204.593018
3507.306885
3407.098145
2805.845459
1302.713989
3407.098145
1002.087708
501.043854
601.252625
1102.296509
1803.757812
2505.219238
1903.966553
1102.296509
300.626312
801.670166
3206.680664
3206.680664
1603.340332
2304.801758
1603.340332
3407.098145
1102.296509
1202.505249
1102.296509
1603.340332
1002.087708
1302.713989
1202.505249
1102.296509
1002.087708
1102.296509
901.878906
1002.087708
1002.087708
1002.087708
901.878906
801.670166
1002.087708
1002.087708
801.670166
1102.296509
901.878906
901.878906
1102.296509
1402.922729
601.252625
801.670166
1102.296509
801.670166
300.626312
901.878906
801.670166
701.461365
901.878906
400.835083
1002.087708
200.417542
701.461365
601.252625
200.417542
400.835083
701.461365
300.626312
400.835083
801.670166
701.461365
801.670166
701.461365
1903.966553
300.626312
1102.296509
200.417542
1803.757812
901.878906
1202.505249
2204.593018
801.670166
200.417542
3106.471924
1402.922729
1202.505249
2906.054199
300.626312
1302.713989
400.835083
501.043854
200.417542
701.461365
200.417542
200.417542
200.417542
400.835083
300.626312
200.417542
200.417542
300.626312
400.835083
701.461365
300.626312
200.417542
701.461365
1102.296509
1002.087708
801.670166
901.878906
1102.296509
1202.505249
1102.296509
1102.296509
801.670166
901.878906
300.626312
400.835083
601.252625
501.043854
300.626312
501.043854
901.878906
701.461365
1302.713989
901.878906
1202.505249
1002.087708
801.670166
701.461365
701.461365
901.878906
801.670166
801.670166
901.878906
1002.087708
1002.087708
1903.966553
2104.384033
1302.713989
1302.713989
1102.296509
1002.087708
1002.087708
901.878906
1302.713989
601.252625
801.670166
801.670166
300.626312
200.417542
601.252625
601.252625
1202.505249
501.043854
400.835083
601.252625
801.670166
1202.505249
701.461365
901.878906
1102.296509
901.878906
601.252625
701.461365
1202.505249
701.461365
1202.505249
1402.922729
1402.922729
901.878906
1102.296509
1102.296509
501.043854
701.461365
1002.087708
2805.845459
701.461365
1302.713989
1803.757812
2104.384033
801.670166
2004.175415
400.835083
1002.087708
1102.296509
1102.296509
1503.131470
901.878906
1102.296509
200.417542
1302.713989
601.252625
1002.087708
801.670166
2104.384033
1002.087708
2204.593018
1002.087708
1002.087708
5611.690918
3206.680664
2405.010498
1803.757812
2805.845459
3607.515625
2304.801758
1803.757812
601.252625
1202.505249
2805.845459
1102.296509
2906.054199
1102.296509
400.835083
3507.306885
3707.724365
4709.812012
3206.680664
2104.384033
4509.394531
1503.131470
801.670166
901.878906
901.878906
1503.131470
2906.054199
6613.778809
7215.031250
8718.163086
10321.502930
10020.876953
12025.051758
12125.260742
12526.095703
11022.964844
12025.051758
11624.216797
12225.469727
9720.250977
7716.075195
5311.064941
1603.340332
1002.087708
1102.296509
1102.296509
1002.087708
1002.087708
901.878906
1202.505249
601.252625
701.461365
501.043854
400.835083
501.043854
1002.087708
901.878906
801.670166
1102.296509
1202.505249
1202.505249
1202.505249
1002.087708
801.670166
901.878906
1002.087708
1102.296509
801.670166
400.835083
400.835083
1803.757812
5511.482422
7215.031250
7215.031250
9319.415039
8818.372070
10521.920898
10121.085938
10421.711914
11423.799805
10521.920898
9118.998047
8417.536133
6814.196289
2204.593018
701.461365
1903.966553
1102.296509
1302.713989
1302.713989
1503.131470
1302.713989
1703.549072
1202.505249
1002.087708
1002.087708
1402.922729
501.043854
901.878906
801.670166
901.878906
400.835083
901.878906
1002.087708
1503.131470
1002.087708
300.626312
701.461365
1002.087708
501.043854
701.461365
701.461365
2304.801758
7615.866211
11924.843750
12125.260742
8317.328125
9219.207031
10321.502930
8417.536133
7716.075195
5611.690918
5611.690918
2104.384033
1202.505249
2204.593018
3306.889404
2705.636719
2004.175415
3106.471924
3507.306885
3206.680664
3707.724365
2505.219238
3006.262939
701.461365
4108.559570
4509.394531
4609.603516
3807.933105
1302.713989
3306.889404
2405.010498
1703.549072
701.461365
100.208771
1302.713989
1703.549072
1202.505249
100.208771
1202.505249
3106.471924
2204.593018
3908.141846
2104.384033
1703.549072
1202.505249
3206.680664
2405.010498
501.043854
701.461365
901.878906
1102.296509
1703.549072
1603.340332
1503.131470
1402.922729
801.670166
701.461365
1402.922729
1002.087708
901.878906
1202.505249
801.670166
801.670166
1002.087708
901.878906
1002.087708
501.043854
601.252625
400.835083
400.835083
601.252625
601.252625
801.670166
1202.505249
601.252625
200.417542
200.417542
200.417542
200.417542
200.417542
400.835083
200.417542
601.252625
2405.010498
2805.845459
1603.340332
1102.296509
701.461365
1703.549072
1402.922729
1503.131470
1202.505249
1402.922729
901.878906
1202.505249
1503.131470
901.878906
1102.296509
3106.471924
4308.977051
4308.977051
901.878906
701.461365
701.461365
901.878906
901.878906
901.878906
1503.131470
701.461365
601.252625
801.670166
701.461365
200.417542
200.417542
801.670166
1402.922729
3707.724365
5311.064941
6313.152344
3106.471924
1402.922729
1002.087708
1102.296509
1402.922729
1002.087708
1002.087708
1002.087708
901.878906
1903.966553
1302.713989
1202.505249
601.252625
501.043854
1102.296509
1002.087708
801.670166
901.878906
1002.087708
901.878906
1102.296509
1402.922729
1102.296509
1503.131470
1903.966553
1202.505249
1703.549072
1202.505249
1202.505249
1302.713989
1503.131470
1202.505249
1002.087708
901.878906
701.461365
901.878906
701.461365
901.878906
701.461365
701.461365
1102.296509
501.043854
901.878906
1002.087708
1102.296509
1102.296509
1102.296509
1202.505249
1102.296509
1102.296509
1102.296509
1102.296509
1002.087708
701.461365
901.878906
1102.296509
701.461365
901.878906
1903.966553
3507.306885
2805.845459
2906.054199
3507.306885
2405.010498
4409.186035
1903.966553
1402.922729
2204.593018
1603.340332
1603.340332
1402.922729
1402.922729
801.670166
801.670166
200.417542
300.626312
400.835083
601.252625
1803.757812
3106.471924
7215.031250
8016.701660
9018.789062
9118.998047
7615.866211
4810.020996
3006.262939
1703.549072
1402.922729
1302.713989
1402.922729
1503.131470
801.670166
1002.087708
901.878906
701.461365
501.043854
601.252625
501.043854
501.043854
501.043854
501.043854
400.835083
601.252625
300.626312
2405.010498
801.670166
1102.296509
1002.087708
1202.505249
1202.505249
901.878906
901.878906
901.878906
901.878906
901.878906
901.878906
501.043854
400.835083
300.626312
400.835083
200.417542
400.835083
701.461365
400.835083
400.835083
200.417542
200.417542
300.626312
200.417542
200.417542
801.670166
5110.646973
5511.482422
5311.064941
1202.505249
1202.505249
1102.296509
1002.087708
801.670166
901.878906
1102.296509
901.878906
701.461365
801.670166
801.670166
501.043854
701.461365
400.835083
601.252625
701.461365
601.252625
501.043854
501.043854
501.043854
501.043854
501.043854
400.835083
601.252625
901.878906
1002.087708
1302.713989
601.252625
200.417542
501.043854
701.461365
2304.801758
901.878906
1302.713989
3306.889404
1402.922729
2805.845459
2906.054199
2505.219238
1102.296509
1503.131470
2304.801758
2104.384033
1002.087708
1703.549072
3006.262939
1903.966553
1002.087708
1302.713989
1202.505249
901.878906
1002.087708
1002.087708
501.043854
901.878906
601.252625
901.878906
601.252625
701.461365
701.461365
1202.505249
1002.087708
1202.505249
1202.505249
901.878906
1002.087708
1102.296509
1302.713989
1002.087708
1102.296509
400.835083
200.417542
200.417542
901.878906
400.835083
801.670166
801.670166
1603.340332
2104.384033
1402.922729
1402.922729
701.461365
701.461365
1102.296509
1703.549072
1302.713989
1603.340332
1503.131470
2004.175415
1002.087708
1503.131470
1302.713989
1402.922729
1102.296509
1002.087708
1603.340332
601.252625
1503.131470
1202.505249
1102.296509
901.878906
1503.131470
601.252625
1002.087708
1803.757812
1903.966553
1402.922729
2204.593018
1102.296509
1503.131470
2204.593018
1402.922729
801.670166
601.252625
701.461365
300.626312
1002.087708
701.461365
2405.010498
1703.549072
1503.131470
1002.087708
1603.340332
901.878906
1703.549072
1402.922729
1803.757812
1402.922729
1402.922729
1903.966553
1302.713989
1002.087708
901.878906
901.878906
801.670166
501.043854
1102.296509
1202.505249
1002.087708
1302.713989
1202.505249
1002.087708
801.670166
400.835083
200.417542
1903.966553
601.252625
3407.098145
501.043854
1302.713989
1903.966553
1603.340332
2705.636719
400.835083
1302.713989
2004.175415
2805.845459
701.461365
701.461365
400.835083
601.252625
300.626312
1002.087708
501.043854
501.043854
300.626312
400.835083
501.043854
200.417542
200.417542
1002.087708
1402.922729
1102.296509
1002.087708
1002.087708
1002.087708
901.878906
801.670166
1002.087708
901.878906
1002.087708
1002.087708
1302.713989
400.835083
1102.296509
1503.131470
4810.020996
7415.448730
8217.119141
9018.789062
9519.833008
9419.624023
9018.789062
8517.745117
8217.119141
8417.536133
8818.372070
8016.701660
9118.998047
8417.536133
9118.998047
8617.954102
9118.998047
8517.745117
9519.833008
9920.667969
9419.624023
7916.492676
6814.196289
9620.041992
9219.207031
5210.855957
5912.317383
6313.152344
6112.734863
9519.833008
5711.899902
5912.317383
5210.855957
1803.757812
4208.768066
2405.010498
1703.549072
4308.977051
4810.020996
2505.219238
4008.350830
1402.922729
4308.977051
1302.713989
2906.054199
3407.098145
2805.845459
1202.505249
2805.845459
3707.724365
1503.131470
601.252625
901.878906
1603.340332
1653.444702
4208.768066
1102.296509
2004.175415
3407.098145
501.043854
3908.141846
1803.757812
701.461365
1102.296509
3707.724365
5411.273438
4509.394531
3306.889404
4108.559570
3006.262939
4308.977051
3407.098145
4308.977051
3106.471924
4308.977051
2004.175415
2605.427979
1603.340332
1402.922729
1102.296509
1703.549072
2204.593018
601.252625
1402.922729
901.878906
801.670166
1202.505249
1102.296509
1002.087708
701.461365
2204.593018
701.461365
701.461365
1302.713989
100.208771
701.461365
701.461365
801.670166
400.835083
1703.549072
1703.549072
1603.340332
300.626312
200.417542
100.208771
100.208771
200.417542
100.208771
100.208771
601.252625
801.670166
0.000000
